0.746270
0.652885
0.678712
0.822811
0.755336
0.724282
0.774165
1.853469
0.726822
1.719717
0.667946
1.277277
0.759928
0.772025
0.835149
1.283717
0.734107
0.955810
0.516438
0.475369
0.787576
0.840015
3
0.784091
0.772678
0.747169
0.871380
0.737405
0.769601
0.771031
0.802992
0.620161
0.852884
0.801129
1.576611
1.166666
0.608175
0.806941
0.742823
0.875283
0.949567
0.828692
1.371632
1.814878
0
0.582650
1.094456
0.738078
0.948528
0.774476
1.124846
0.934418
1.657658
0.795649
0.830757
0.992180
0.720829
0.800778
0.687835
0.877923
0.929612
0.750065
0.823032
0.773439
0.786918
1.067825
0.740401
0.735361
0.606768
0.730864
0.746838
0.884267
0.642383
0.729776
0.796219
0.914422
0.782729
0.750100
0.898985
0.756144
0.681023
0.962358
1.026593
0.848189
0.732687
0.661003
0
0.888178
0.700837
1.433456
0.652278
0.758463
0.727337
0.688488
0.774568
0.622126
0.527931
0.685674
0.744610
0.684669
0.834303
0.761000
0
0.673338
3
0.615532
0.691893
0.783982
0.910377
0.777394
0.785939
1.141691
0.706582
0.776079
0.702482
0.909691
0
0.635299
0.859038
0.712507
0.888864
1.073467
1.743730
0.811266
3
0.715839
0.719676
0.937777
0.803440
0.820952
0.598467
0.846448
0.814373
1.201323
0.739920
0.719254
0.761337
0.901097
0.778169
1.025021
1.041303
0.728430
0.816718
0.829093
1.636511
0.612637
0.790607
0.718874
0.745254
0.839424
0.856695
