1.031894
0.996353
1.018486
1.013388
1.021274
1.022280
1.025295
1.061244
0.936321
1.057986
1.022056
1.023116
1.024362
1.029368
1.045139
1.003467
1.027590
1.020739
1.035676
1.015488
1.042667
0.993820
0.951319
0.940567
1.031760
0.941535
1.018547
0.936584
1.024150
1.037035
1.026084
0.985516
1.045296
0.957669
1.054395
1.031677
0.985207
1.036772
1.021451
0.971023
1.039049
1.038461
1.022848
1.029269
1.022375
1.009897
0.989635
1.030681
0.985951
1.024932
1.002696
0.969730
1.015634
0.954975
0.988986
1.051147
0.986225
1.029800
1.017702
0.995300
0.974270
1.026434
1.028397
1.027578
0.957186
0.983483
0.987939
0.917576
0.981970
0.935354
1.023531
1.036685
0.984996
1.022950
0.986679
0.981679
1.029072
0.942510
1.034740
1.010087
0.995611
0.978893
1.041488
1.005230
1.008079
1.019429
0.977269
1.002075
1.021574
1.055222
1.016143
1.027653
1.023075
1.025137
0.947903
0.953372
0.976606
1.018253
1.029135
1.025675
1.037423
1.025364
1.025875
1.016835
0.990770
0.984724
1.017539
1.025712
0.986199
1.022889
1.025440
0.897834
0.983903
0.951409
1.027032
0.987188
0.990832
0.992169
1.016815
1.019289
1.042072
1.055386
1.008480
0.959995
0.995614
0.927687
1.022819
1.037609
1.025663
0.986713
1.013513
0.914454
0.998462
1.005674
0.938218
0.997410
0.947494
1.040683
0.949434
0.989650
1.021490
0.935181
1.000245
1.033516
1.056317
0.987752
0.999607
1.022599
1.024668
0.993264
1.034746
