1.070784
0.808095
1.013408
0.865646
1.058275
1.026321
1.054105
1.994256
0.839117
1.994974
0.980630
1.037882
1.032715
1.070685
1.019098
0.967758
1.048072
1.032951
1.023273
1.006659
1.079598
0.943695
0.892145
0.867611
1.052815
0.840392
1.018637
0.851160
1.063285
0.999192
1.060011
0.758515
1.032097
0.862460
1.936091
1.413290
0.743691
1.035016
1.028242
0.960770
1.289238
1.066046
1.063552
1.075516
1.026066
0.945817
0.795655
1.006316
1.035499
1.058550
1.259821
1.007082
0.977872
0.875169
1.017401
1.106707
1.093528
1.124962
0.993503
1.044168
1.012353
1.074923
1.079608
1.128258
0.815944
0.969399
1.077017
0.848515
0.794263
0.821323
1.033714
1.093328
0.790866
1.036259
0.987892
0.948280
1.051469
0.855736
1.090699
0.771238
0.805542
0.886023
1.047051
1.042939
0.845080
0.981321
0.777726
0.845434
1.059559
1.836338
1.004815
1.027123
1.052701
1.014833
0.866864
0.910704
0.936830
1.009295
1.032748
0.971236
1.066292
1.029794
1.066331
1.001267
1.088948
0.817042
1.007918
1.037096
0.905958
1.042684
1.049164
0.783002
1.074265
0.840633
1.014097
1.022002
1.021484
0.755395
1.093019
1.016337
1.075794
1.172422
1.123397
0.873160
0.794587
0.854058
1.007479
1.189487
1.088756
1.046299
0.951480
0.819780
1.122825
0.918559
0.872097
0.786769
0.843758
1.094632
0.869715
1.020030
1.236956
0.862049
1.130961
1.061091
2.000077
0.807306
1.056293
1.015794
1.021886
0.960608
1.146404
