1.030589
0.904103
0.964673
1.010018
1.010476
0.993250
1.000757
1.640769
0.935056
1.585261
0.954591
0.996405
0.995183
1.028217
1.034930
0.911320
1.005739
0.985045
0.993542
0.958690
1.067395
0.991750
0.973231
0.947797
1.019071
0.933479
1.038474
0.933635
1.010757
1.032126
1.015338
0.844922
1.048634
0.960878
1.540018
1.306347
0.839614
1.004074
0.981967
1.035829
1.173217
1.032295
1.051615
1.038080
0.982420
0.908201
0.877472
0.969095
1.091153
1.009207
1.226744
0.988450
0.938468
0.965446
0.942026
1.116025
1.037730
1.064155
0.949847
1.040885
0.994750
1.027794
1.034815
1.056067
0.948804
0.948120
1.036032
0.837438
0.877053
0.919200
0.984693
1.052388
0.898074
1.002555
0.995889
1.026887
1.018282
0.945542
1.064881
0.910008
0.880052
0.946113
1.067232
1.050077
0.940582
0.942142
0.872478
0.919371
1.013906
1.496518
0.971571
0.987010
1.006448
0.982480
0.953239
0.980727
0.883535
0.968867
0.997695
0.960511
1.022946
0.989101
1.028369
0.958291
1.046793
0.896307
0.969734
0.998581
1.042307
0.993753
1.014851
0.816185
1.030388
0.947516
0.981654
1.004108
1.013698
0.853203
1.100008
0.977035
1.031153
1.240644
1.105663
0.972682
0.883233
0.856291
0.970430
1.111360
1.027887
1.023118
0.919887
0.850125
1.078713
0.942916
0.944587
0.882960
0.948274
1.050736
0.955170
1.021380
1.193170
0.943706
1.086399
1.041670
1.585117
0.900801
1.036371
0.976004
0.985849
0.996595
1.080658
