1.070839
0.807912
1.013490
0.865439
1.058379
1.026391
1.054191
1.995161
0.839007
1.995966
0.980660
1.037955
1.032782
1.070759
1.019004
0.967838
1.048137
1.033046
1.023269
1.006751
1.079585
0.943618
0.892060
0.867525
1.052852
0.840280
1.018634
0.851069
1.063388
0.999139
1.060099
0.758333
1.032003
0.862334
1.937082
1.413618
0.743491
1.035007
1.028319
0.960713
1.289531
1.066056
1.063480
1.075592
1.026146
0.945876
0.795489
1.006324
1.035528
1.058636
1.260036
1.007192
0.977932
0.875061
1.017560
1.106630
1.093700
1.125097
0.993571
1.044229
1.012462
1.075026
1.079701
1.128422
0.815764
0.969472
1.077163
0.848580
0.794117
0.821216
1.033793
1.093375
0.790709
1.036333
0.987910
0.948185
1.051528
0.855634
1.090757
0.770975
0.805378
0.885966
1.047015
1.042974
0.844895
0.981367
0.777578
0.845276
1.059662
1.837211
1.004891
1.027176
1.052804
1.014876
0.866773
0.910648
0.936985
1.009374
1.032784
0.971236
1.066311
1.029852
1.066429
1.001353
1.089094
0.816912
1.007994
1.037158
0.905781
1.042774
1.049227
0.783005
1.074418
0.840496
1.014140
1.022079
1.021536
0.755180
1.093064
1.016418
1.075806
1.172337
1.123507
0.873041
0.794399
0.854099
1.007534
1.189643
1.088881
1.046393
0.951528
0.819812
1.122974
0.918460
0.872024
0.786573
0.843630
1.094653
0.869613
1.020102
1.237157
0.861966
1.131110
1.061122
2.001094
0.807147
1.056382
1.015855
1.021942
0.960545
1.146527
